service_id,date,exception_type
1,20261028,2
1,20261117,2
2,20261005,2
2,20261006,2
2,20261007,2
2,20261008,2
2,20261012,2
2,20261013,2
2,20261014,2
2,20261015,2
2,20261019,2
2,20261020,2
2,20261021,2
2,20261022,2
2,20261026,2
2,20261028,2
2,20261029,2
2,20261030,2
2,20261102,2
2,20261103,2
2,20261104,2
2,20261105,2
2,20261109,2
2,20261110,2
2,20261111,2
2,20261112,2
2,20261116,2
2,20261117,2
2,20261118,2
2,20261119,2
2,20261123,2
2,20261124,2
2,20261125,2
2,20261126,2
2,20261130,2
2,20261201,2
2,20261202,2
2,20261203,2
2,20261207,2
2,20261208,2
2,20261209,2
2,20261210,2
4,20261028,2
4,20261117,2
6,20261005,2
6,20261006,2
6,20261007,2
6,20261008,2
6,20261009,2
6,20261028,2
6,20261029,2
6,20261030,2
6,20261117,2
7,20261028,2
7,20261117,2
8,20261028,2
9,20261028,2
9,20261029,2
9,20261030,2
11,20261005,2
11,20261006,2
11,20261007,2
11,20261008,2
11,20261012,2
11,20261013,2
11,20261014,2
11,20261015,2
13,20261028,2
14,20261005,2
14,20261006,2
14,20261007,2
14,20261008,2
14,20261012,2
14,20261013,2
14,20261014,2
14,20261015,2
14,20261019,2
14,20261020,2
14,20261021,2
14,20261022,2
14,20261026,2
14,20261028,2
14,20261029,2
14,20261102,2
14,20261103,2
14,20261104,2
14,20261105,2
14,20261109,2
14,20261110,2
14,20261111,2
14,20261112,2
14,20261117,2
14,20261118,2
14,20261119,2
14,20261123,2
14,20261124,2
14,20261125,2
14,20261126,2
14,20261130,2
14,20261201,2
14,20261202,2
14,20261203,2
14,20261207,2
14,20261208,2
14,20261209,2
14,20261210,2
15,20261005,2
15,20261012,2
15,20261019,2
15,20261026,2
15,20261028,2
15,20261029,2
15,20261102,2
15,20261109,2
15,20261116,2
15,20261117,2
15,20261118,2
15,20261123,2
15,20261130,2
15,20261207,2
16,20261028,2
17,20261028,2
18,20261026,2
18,20261028,2
18,20261117,2
18,20261208,2
20,20261006,2
20,20261007,2
20,20261008,2
20,20261009,2
20,20261012,2
20,20261013,2
20,20261028,2
20,20261117,2
21,20261005,2
21,20261006,2
21,20261007,2
21,20261008,2
21,20261012,2
21,20261013,2
21,20261014,2
21,20261015,2
21,20261019,2
21,20261020,2
21,20261021,2
21,20261022,2
21,20261026,2
21,20261027,2
21,20261028,2
21,20261029,2
21,20261102,2
21,20261103,2
21,20261104,2
21,20261105,2
21,20261109,2
21,20261110,2
21,20261111,2
21,20261112,2
21,20261116,2
21,20261117,2
21,20261118,2
21,20261119,2
21,20261123,2
21,20261124,2
21,20261125,2
21,20261126,2
21,20261130,2
21,20261201,2
21,20261202,2
21,20261203,2
21,20261207,2
21,20261208,2
21,20261209,2
21,20261210,2
22,20261005,2
22,20261006,2
22,20261007,2
22,20261012,2
22,20261013,2
22,20261014,2
23,20261005,2
23,20261006,2
23,20261007,2
23,20261008,2
23,20261009,2
23,20261012,2
23,20261013,2
23,20261014,2
23,20261015,2
23,20261019,2
23,20261020,2
23,20261021,2
23,20261022,2
23,20261026,2
23,20261028,2
23,20261029,2
23,20261102,2
23,20261103,2
23,20261104,2
23,20261105,2
23,20261109,2
23,20261110,2
23,20261111,2
23,20261112,2
23,20261117,2
23,20261118,2
23,20261119,2
23,20261123,2
23,20261124,2
23,20261125,2
23,20261126,2
23,20261130,2
23,20261201,2
23,20261202,2
23,20261203,2
23,20261207,2
23,20261208,2
23,20261209,2
23,20261210,2
24,20261028,2
24,20261029,2
24,20261030,2
24,20261117,2
25,20261028,2
25,20261117,2
27,20261006,2
27,20261007,2
27,20261008,2
27,20261013,2
27,20261014,2
27,20261015,2
27,20261020,2
27,20261021,2
27,20261022,2
27,20261027,2
27,20261028,2
27,20261029,2
27,20261030,2
27,20261103,2
27,20261104,2
27,20261105,2
27,20261110,2
27,20261111,2
27,20261112,2
27,20261117,2
27,20261118,2
27,20261119,2
27,20261124,2
27,20261125,2
27,20261126,2
27,20261201,2
27,20261202,2
27,20261203,2
27,20261208,2
27,20261209,2
27,20261210,2
28,20261028,2
29,20261012,2
29,20261013,2
29,20261014,2
29,20261015,2
29,20261016,2
29,20261028,2
29,20261117,2
31,20261028,2
31,20261029,2
31,20261030,2
31,20261116,2
31,20261117,2
32,20261005,2
32,20261006,2
32,20261007,2
32,20261008,2
32,20261009,2
32,20261012,2
32,20261013,2
32,20261014,2
32,20261028,2
32,20261117,2
33,20261005,2
33,20261006,2
33,20261007,2
33,20261008,2
34,20261028,2
35,20261005,2
35,20261006,2
35,20261007,2
35,20261008,2
35,20261009,2
35,20261012,2
35,20261013,2
35,20261014,2
35,20261028,2
37,20261005,2
37,20261006,2
37,20261007,2
37,20261008,2
37,20261012,2
37,20261013,2
37,20261014,2
37,20261015,2
37,20261019,2
37,20261020,2
37,20261021,2
37,20261022,2
37,20261026,2
37,20261028,2
37,20261029,2
37,20261102,2
37,20261103,2
37,20261104,2
37,20261105,2
38,20261028,2
38,20261029,2
38,20261030,2
39,20261028,2
39,20261029,2
39,20261030,2
39,20261117,2
40,20261006,2
40,20261007,2
40,20261008,2
40,20261013,2
40,20261014,2
40,20261015,2
40,20261020,2
40,20261021,2
40,20261022,2
40,20261027,2
40,20261028,2
40,20261029,2
40,20261103,2
40,20261104,2
40,20261105,2
40,20261110,2
40,20261111,2
40,20261112,2
40,20261117,2
40,20261118,2
40,20261119,2
40,20261124,2
40,20261125,2
40,20261126,2
41,20261003,2
41,20261004,2
41,20261010,2
41,20261011,2
41,20261017,2
41,20261018,2
41,20261024,2
41,20261025,2
41,20261028,2
41,20261031,2
41,20261101,2
41,20261107,2
41,20261108,2
41,20261114,2
41,20261115,2
41,20261117,2
41,20261121,2
41,20261122,2
41,20261128,2
41,20261129,2
41,20261205,2
41,20261206,2
42,20261028,2
42,20261117,2
43,20261005,2
43,20261006,2
43,20261007,2
43,20261008,2
43,20261009,2
44,20261012,2
44,20261013,2
44,20261014,2
44,20261015,2
44,20261016,2
44,20261028,2
44,20261029,2
44,20261030,2
44,20261117,2
46,20261014,2
46,20261015,2
46,20261016,2
46,20261019,2
46,20261020,2
46,20261028,2
46,20261117,2
47,20261005,2
47,20261006,2
47,20261007,2
47,20261008,2
47,20261012,2
47,20261013,2
47,20261014,2
47,20261015,2
47,20261016,2
47,20261019,2
47,20261020,2
47,20261021,2
47,20261022,2
47,20261026,2
47,20261027,2
47,20261028,2
47,20261029,2
47,20261102,2
47,20261103,2
47,20261104,2
47,20261105,2
47,20261109,2
47,20261110,2
47,20261111,2
47,20261112,2
47,20261116,2
47,20261117,2
47,20261118,2
47,20261119,2
47,20261123,2
47,20261124,2
47,20261125,2
47,20261126,2
47,20261130,2
47,20261201,2
47,20261202,2
47,20261203,2
47,20261207,2
47,20261208,2
47,20261209,2
47,20261210,2
48,20261006,2
48,20261008,2
48,20261013,2
48,20261015,2
48,20261020,2
49,20261028,2
49,20261029,2
49,20261030,2
49,20261117,2
50,20261005,2
50,20261006,2
50,20261007,2
50,20261008,2
50,20261012,2
50,20261013,2
50,20261014,2
50,20261015,2
50,20261019,2
50,20261020,2
50,20261021,2
50,20261022,2
50,20261026,2
50,20261027,2
50,20261028,2
50,20261029,2
50,20261030,2
50,20261102,2
50,20261103,2
50,20261104,2
50,20261105,2
50,20261109,2
50,20261110,2
50,20261111,2
50,20261112,2
50,20261116,2
50,20261117,2
50,20261118,2
50,20261119,2
50,20261123,2
50,20261124,2
50,20261125,2
50,20261126,2
50,20261130,2
50,20261201,2
50,20261202,2
50,20261203,2
50,20261207,2
50,20261208,2
50,20261209,2
50,20261210,2
51,20261028,2
51,20261029,2
51,20261030,2
51,20261117,2
52,20261005,2
52,20261006,2
52,20261007,2
52,20261008,2
52,20261012,2
52,20261013,2
52,20261014,2
52,20261015,2
52,20261019,2
52,20261020,2
52,20261021,2
52,20261022,2
52,20261026,2
52,20261028,2
52,20261029,2
52,20261030,2
52,20261102,2
52,20261103,2
52,20261104,2
52,20261105,2
52,20261109,2
52,20261110,2
52,20261111,2
52,20261112,2
52,20261117,2
52,20261118,2
52,20261119,2
52,20261123,2
52,20261124,2
52,20261125,2
52,20261126,2
52,20261130,2
52,20261201,2
52,20261202,2
52,20261203,2
52,20261207,2
52,20261208,2
52,20261209,2
52,20261210,2
53,20261005,2
53,20261006,2
53,20261007,2
53,20261008,2
53,20261012,2
53,20261013,2
53,20261014,2
53,20261015,2
53,20261019,2
53,20261020,2
53,20261021,2
53,20261022,2
53,20261026,2
53,20261028,2
53,20261029,2
55,20261006,2
55,20261008,2
55,20261013,2
55,20261015,2
55,20261020,2
55,20261022,2
55,20261027,2
55,20261028,2
55,20261029,2
56,20261006,2
56,20261008,2
56,20261013,2
56,20261015,2
56,20261020,2
56,20261022,2
56,20261027,2
56,20261028,2
56,20261029,2
56,20261030,2
56,20261103,2
56,20261105,2
56,20261110,2
56,20261112,2
56,20261117,2
56,20261119,2
56,20261124,2
56,20261126,2
56,20261201,2
56,20261203,2
56,20261208,2
56,20261210,2
57,20261028,1
57,20261117,1
61,20261004,2
61,20261011,2
61,20261018,2
61,20261025,2
61,20261101,2
61,20261108,2
61,20261115,2
61,20261122,2
61,20261129,2
61,20261206,2
63,20261004,2
63,20261011,2
63,20261018,2
63,20261025,2
63,20261028,1
63,20261101,2
63,20261108,2
63,20261115,2
63,20261122,2
63,20261129,2
63,20261206,2
64,20261004,2
64,20261011,2
64,20261018,2
64,20261025,2
64,20261028,1
64,20261101,2
64,20261108,2
64,20261115,2
64,20261117,1
64,20261122,2
64,20261129,2
64,20261206,2
66,20261004,2
66,20261011,2
67,20261004,2
67,20261011,2
68,20261028,1
69,20261004,2
69,20261011,2
69,20261018,2
69,20261025,2
70,20261004,2
70,20261011,2
70,20261018,2
70,20261025,2
70,20261028,1
71,20261010,2
71,20261017,2
71,20261028,1
71,20261117,1
72,20261004,2
72,20261010,2
72,20261011,2
72,20261017,2
72,20261018,2
72,20261025,2
72,20261028,1
72,20261101,2
72,20261108,2
72,20261115,2
72,20261117,1
72,20261122,2
72,20261129,2
72,20261206,2
73,20261004,2
73,20261011,2
73,20261018,2
74,20261028,1
76,20261004,2
76,20261010,2
76,20261011,2
76,20261018,2
76,20261025,2
76,20261028,1
76,20261101,2
76,20261108,2
76,20261115,2
76,20261117,1
77,20261004,2
77,20261010,2
77,20261011,2
77,20261018,2
77,20261025,2
77,20261101,2
77,20261108,2
78,20261004,2
80,20261018,2
80,20261028,1
80,20261117,1
81,20261018,2
82,20261010,2
82,20261028,1
82,20261117,1
83,20261004,2
83,20261011,2
83,20261018,2
83,20261025,2
83,20261101,2
83,20261108,2
83,20261115,2
83,20261117,1
85,20261004,2
85,20261011,2
85,20261018,2
85,20261025,2
85,20261028,1
85,20261101,2
86,20261010,2
86,20261011,2
89,20261004,2
89,20261011,2
89,20261018,2
89,20261025,2
89,20261101,2
89,20261108,2
89,20261122,2
89,20261129,2
89,20261206,2
90,20261028,1
91,20261028,1
93,20261004,2
93,20261011,2
93,20261018,2
93,20261025,2
93,20261101,2
94,20261117,1
95,20261004,2
95,20261011,2
95,20261018,2
95,20261025,2
95,20261101,2
95,20261108,2
95,20261115,2
95,20261122,2
96,20261028,1
96,20261117,1
98,20261028,1
98,20261117,1
99,20261004,2
99,20261010,2
99,20261011,2
100,20261004,2
100,20261011,2
100,20261018,2
100,20261025,2
100,20261028,1
100,20261101,2
100,20261108,2
100,20261122,2
100,20261129,2
100,20261206,2
101,20261004,2
101,20261011,2
101,20261017,2
101,20261018,2
102,20261004,2
102,20261011,2
102,20261017,2
102,20261018,2
102,20261025,2
102,20261028,1
102,20261101,2
102,20261108,2
102,20261115,2
102,20261117,1
102,20261122,2
102,20261129,2
102,20261206,2
103,20261017,2
103,20261018,2
104,20261028,1
104,20261117,1
105,20261004,2
105,20261011,2
105,20261018,2
105,20261025,2
105,20261101,2
105,20261108,2
105,20261115,2
105,20261122,2
105,20261129,2
107,20261010,2
107,20261017,2
107,20261024,2
107,20261028,1
107,20261031,2
107,20261107,2
107,20261114,2
107,20261117,1
107,20261121,2
107,20261128,2
107,20261205,2
108,20261010,2
108,20261017,2
108,20261024,2
108,20261031,2
108,20261107,2
108,20261114,2
108,20261121,2
108,20261128,2
108,20261205,2
109,20261010,2
109,20261017,2
109,20261024,2
109,20261031,2
109,20261107,2
109,20261114,2
109,20261117,1
109,20261121,2
109,20261128,2
109,20261205,2
110,20261010,2
110,20261017,2
110,20261024,2
110,20261028,1
110,20261031,2
111,20261010,2
111,20261017,2
111,20261024,2
112,20261010,2
112,20261017,2
112,20261024,2
112,20261028,1
113,20261010,2
113,20261017,2
113,20261024,2
113,20261031,2
113,20261107,2
113,20261114,2
114,20261010,2
114,20261017,2
114,20261024,2
114,20261031,2
114,20261107,2
114,20261114,2
114,20261117,1
115,20261010,2
115,20261028,1
115,20261117,1
116,20261010,2
117,20261028,1
117,20261117,1
118,20261010,2
119,20261010,2
119,20261017,2
119,20261018,2
119,20261024,2
119,20261031,2
119,20261107,2
119,20261114,2
119,20261121,2
119,20261128,2
119,20261205,2
120,20261010,2
120,20261017,2
120,20261018,2
120,20261024,2
120,20261028,1
120,20261031,2
120,20261107,2
120,20261114,2
120,20261117,1
120,20261121,2
120,20261128,2
120,20261205,2
121,20261010,2
121,20261017,2
121,20261024,2
121,20261028,1
121,20261031,2
121,20261107,2
121,20261114,2
121,20261117,1
123,20261010,2
123,20261017,2
123,20261024,2
123,20261031,2
123,20261107,2
125,20261010,2
125,20261017,2
125,20261024,2
125,20261031,2
125,20261107,2
125,20261114,2
125,20261115,2
125,20261121,2
125,20261128,2
125,20261205,2
126,20261010,2
126,20261017,2
126,20261024,2
126,20261031,2
126,20261107,2
126,20261114,2
126,20261121,2
126,20261128,2
127,20261010,2
127,20261011,2
127,20261017,2
128,20261010,2
128,20261017,2
128,20261018,2
128,20261024,2
129,20261010,2
129,20261017,2
129,20261024,2
129,20261031,2
130,20261009,2
130,20261016,2
130,20261023,2
130,20261027,2
130,20261028,2
130,20261106,2
130,20261113,2
130,20261117,2
130,20261120,2
130,20261127,2
130,20261204,2
131,20261012,2
131,20261013,2
131,20261014,2
131,20261015,2
131,20261016,2
131,20261028,2
131,20261117,2
133,20261009,2
133,20261016,2
134,20261009,2
134,20261016,2
135,20261006,2
135,20261007,2
135,20261008,2
135,20261009,2
135,20261013,2
135,20261014,2
135,20261015,2
135,20261016,2
135,20261020,2
135,20261021,2
135,20261022,2
135,20261023,2
135,20261027,2
135,20261028,2
135,20261030,2
135,20261103,2
135,20261104,2
135,20261105,2
135,20261106,2
135,20261110,2
135,20261111,2
135,20261112,2
135,20261113,2
135,20261117,2
135,20261119,2
135,20261120,2
135,20261124,2
135,20261125,2
135,20261126,2
135,20261127,2
135,20261201,2
135,20261202,2
135,20261203,2
135,20261204,2
136,20261009,2
136,20261016,2
136,20261023,2
136,20261027,2
136,20261028,2
136,20261030,2
136,20261106,2
136,20261113,2
136,20261116,2
136,20261117,2
136,20261120,2
136,20261127,2
136,20261204,2
137,20261009,2
137,20261016,2
137,20261023,2
137,20261028,2
137,20261030,2
137,20261106,2
137,20261113,2
137,20261117,2
137,20261120,2
137,20261127,2
137,20261204,2
138,20261008,2
138,20261009,2
139,20261006,2
139,20261007,2
139,20261008,2
139,20261009,2
139,20261012,2
139,20261013,2
139,20261016,2
139,20261023,2
139,20261027,2
139,20261028,2
139,20261030,2
139,20261106,2
139,20261113,2
139,20261116,2
139,20261117,2
139,20261120,2
139,20261127,2
139,20261204,2
141,20261028,2
141,20261117,2
142,20261028,2
142,20261117,2
143,20261028,2
143,20261029,2
143,20261030,2
143,20261117,2
144,20261009,2
144,20261016,2
144,20261023,2
144,20261027,2
144,20261028,2
144,20261029,2
144,20261030,2
144,20261106,2
144,20261113,2
144,20261117,2
144,20261120,2
144,20261127,2
144,20261204,2
147,20261009,2
147,20261016,2
147,20261023,2
147,20261027,2
147,20261028,2
147,20261030,2
148,20261012,2
148,20261013,2
148,20261014,2
148,20261015,2
148,20261016,2
148,20261028,2
148,20261029,2
148,20261030,2
148,20261117,2
149,20261009,2
149,20261012,2
149,20261013,2
149,20261014,2
149,20261015,2
149,20261016,2
149,20261023,2
149,20261028,2
149,20261030,2
149,20261106,2
149,20261113,2
149,20261117,2
149,20261120,2
149,20261127,2
149,20261204,2
150,20261009,2
150,20261016,2
150,20261023,2
150,20261028,2
150,20261029,2
150,20261030,2
150,20261106,2
150,20261113,2
150,20261117,2
150,20261120,2
150,20261127,2
150,20261204,2
151,20261009,2
151,20261016,2
151,20261023,2
151,20261027,2
151,20261028,2
151,20261029,2
151,20261030,2
151,20261106,2
151,20261113,2
151,20261116,2
151,20261117,2
151,20261120,2
151,20261127,2
151,20261204,2
153,20261009,2
153,20261016,2
153,20261023,2
153,20261027,2
153,20261028,2
156,20261009,2
157,20261009,2
157,20261012,2
157,20261016,2
157,20261019,2
157,20261023,2
157,20261026,2
157,20261028,2
157,20261029,2
157,20261030,2
157,20261102,2
157,20261106,2
157,20261109,2
157,20261113,2
157,20261116,2
157,20261117,2
157,20261120,2
157,20261123,2
157,20261127,2
157,20261130,2
157,20261204,2
157,20261207,2
158,20261009,2
158,20261012,2
158,20261016,2
158,20261019,2
158,20261023,2
158,20261026,2
158,20261028,2
158,20261030,2
158,20261102,2
158,20261106,2
158,20261109,2
158,20261113,2
158,20261116,2
158,20261117,2
158,20261120,2
158,20261123,2
159,20261007,2
159,20261009,2
159,20261012,2
159,20261014,2
159,20261016,2
159,20261019,2
161,20261028,2
161,20261117,2
162,20261028,2
162,20261029,2
162,20261030,2
162,20261117,2
163,20261007,2
163,20261009,2
163,20261012,2
163,20261014,2
163,20261016,2
163,20261019,2
163,20261021,2
163,20261023,2
163,20261026,2
164,20261007,2
164,20261009,2
164,20261012,2
164,20261014,2
164,20261016,2
164,20261019,2
164,20261021,2
164,20261023,2
164,20261026,2
164,20261028,2
164,20261030,2
164,20261102,2
164,20261104,2
164,20261106,2
164,20261109,2
164,20261111,2
164,20261113,2
164,20261116,2
164,20261117,2
164,20261118,2
164,20261120,2
164,20261123,2
164,20261125,2
164,20261127,2
164,20261130,2
164,20261202,2
164,20261204,2
164,20261207,2
164,20261209,2
165,20261028,2
165,20261029,2
165,20261030,2
168,20261028,2
168,20261029,2
168,20261030,2
168,20261117,2
169,20261028,2
170,20261028,2
170,20261117,2
172,20261028,2
172,20261116,2
172,20261117,2
173,20261028,2
173,20261029,2
173,20261030,2
173,20261116,2
173,20261117,2
174,20261028,2
174,20261117,2
176,20261017,2
176,20261018,2
176,20261028,1
176,20261117,1
177,20261011,2
177,20261017,2
177,20261018,2
177,20261025,2
177,20261101,2
177,20261108,2
177,20261115,2
177,20261122,2
177,20261129,2
177,20261206,2
178,20261011,2
181,20261011,2
181,20261018,2
182,20261011,2
182,20261018,2
182,20261025,2
182,20261101,2
182,20261108,2
182,20261115,2
182,20261122,2
182,20261129,2
182,20261206,2
183,20261011,2
183,20261018,2
183,20261025,2
183,20261028,1
183,20261101,2
183,20261108,2
183,20261115,2
183,20261117,1
183,20261122,2
183,20261129,2
183,20261206,2
184,20261028,1
184,20261117,1
185,20261011,2
185,20261017,2
185,20261018,2
185,20261024,2
185,20261025,2
185,20261031,2
185,20261101,2
185,20261107,2
185,20261108,2
185,20261114,2
185,20261115,2
185,20261121,2
185,20261128,2
185,20261205,2
187,20261017,2
187,20261018,2
188,20261011,2
188,20261017,2
188,20261018,2
191,20261017,2
191,20261018,2
191,20261024,2
191,20261028,1
191,20261031,2
191,20261107,2
191,20261114,2
191,20261117,1
191,20261121,2
191,20261128,2
191,20261205,2
193,20261017,2
193,20261024,2
195,20261017,2
195,20261024,2
195,20261028,1
195,20261031,2
195,20261107,2
195,20261114,2
195,20261117,1
195,20261121,2
195,20261128,2
195,20261205,2
196,20261017,2
196,20261024,2
196,20261031,2
196,20261107,2
196,20261114,2
196,20261121,2
196,20261128,2
196,20261205,2
197,20261017,2
197,20261018,2
197,20261024,2
199,20261028,2
199,20261117,2
201,20261028,2
201,20261029,2
201,20261030,2
201,20261117,2
202,20261028,2
203,20261028,2
204,20261016,2
204,20261023,2
204,20261028,2
204,20261029,2
204,20261030,2
204,20261106,2
204,20261113,2
204,20261117,2
204,20261120,2
204,20261127,2
204,20261204,2
205,20261028,2
205,20261029,2
205,20261030,2
209,20261016,2
209,20261023,2
209,20261027,2
209,20261028,2
209,20261030,2
209,20261106,2
209,20261113,2
209,20261116,2
209,20261117,2
209,20261120,2
209,20261127,2
209,20261204,2
210,20261014,2
210,20261015,2
210,20261016,2
210,20261019,2
210,20261020,2
210,20261028,2
210,20261029,2
210,20261030,2
210,20261117,2
211,20261014,2
211,20261015,2
211,20261016,2
211,20261019,2
211,20261020,2
211,20261028,2
211,20261117,2
213,20261028,2
213,20261117,2
214,20261028,2
215,20261028,2
215,20261029,2
215,20261030,2
215,20261117,2
216,20261028,2
216,20261117,2
217,20261019,2
217,20261020,2
217,20261021,2
217,20261022,2
217,20261026,2
217,20261027,2
217,20261028,2
217,20261029,2
217,20261030,2
217,20261102,2
217,20261103,2
217,20261104,2
217,20261105,2
217,20261109,2
217,20261110,2
217,20261111,2
217,20261112,2
217,20261116,2
217,20261117,2
217,20261118,2
217,20261119,2
217,20261123,2
217,20261124,2
217,20261125,2
217,20261126,2
217,20261130,2
217,20261201,2
217,20261202,2
217,20261203,2
217,20261207,2
217,20261208,2
217,20261209,2
217,20261210,2
219,20261019,2
219,20261020,2
219,20261021,2
219,20261022,2
219,20261026,2
219,20261028,2
219,20261029,2
219,20261102,2
219,20261103,2
219,20261104,2
219,20261105,2
219,20261109,2
219,20261110,2
219,20261111,2
219,20261112,2
219,20261117,2
219,20261118,2
219,20261119,2
219,20261123,2
219,20261124,2
219,20261125,2
219,20261126,2
219,20261130,2
219,20261201,2
219,20261202,2
219,20261203,2
219,20261207,2
219,20261208,2
219,20261209,2
219,20261210,2
222,20261018,2
223,20261018,2
223,20261025,2
223,20261101,2
223,20261108,2
223,20261115,2
223,20261122,2
223,20261129,2
223,20261206,2
224,20261018,2
224,20261025,2
224,20261028,1
224,20261101,2
224,20261108,2
224,20261115,2
224,20261117,1
224,20261122,2
224,20261129,2
224,20261206,2
226,20261028,1
227,20261018,2
227,20261025,2
227,20261028,1
227,20261117,1
228,20261028,1
228,20261117,1
229,20261028,1
231,20261028,1
231,20261117,1
232,20261024,2
232,20261028,1
232,20261031,2
232,20261107,2
232,20261114,2
232,20261115,2
232,20261117,1
232,20261121,2
232,20261128,2
232,20261205,2
233,20261024,2
233,20261028,1
233,20261031,2
233,20261107,2
233,20261114,2
233,20261117,1
233,20261121,2
233,20261128,2
233,20261205,2
234,20261024,2
234,20261031,2
234,20261107,2
234,20261114,2
234,20261121,2
234,20261128,2
234,20261205,2
235,20261024,2
237,20261028,2
237,20261117,2
238,20261022,2
238,20261023,2
238,20261028,2
238,20261029,2
238,20261030,2
238,20261105,2
238,20261106,2
238,20261112,2
238,20261113,2
238,20261117,2
238,20261119,2
238,20261120,2
238,20261126,2
238,20261127,2
238,20261203,2
238,20261204,2
239,20261028,2
239,20261029,2
239,20261030,2
239,20261117,2
240,20261028,2
242,20261028,2
244,20261023,2
244,20261027,2
244,20261028,2
244,20261030,2
245,20261028,2
246,20261028,2
246,20261117,2
247,20261026,2
247,20261027,2
247,20261028,2
247,20261102,2
247,20261103,2
247,20261104,2
247,20261109,2
247,20261110,2
247,20261111,2
247,20261116,2
247,20261117,2
247,20261118,2
247,20261123,2
247,20261124,2
247,20261125,2
247,20261130,2
247,20261201,2
247,20261202,2
247,20261207,2
247,20261208,2
247,20261209,2
248,20261028,2
249,20261028,2
249,20261117,2
250,20261028,2
251,20261028,2
251,20261029,2
251,20261030,2
251,20261117,2
252,20261023,2
252,20261026,2
252,20261027,2
252,20261028,2
252,20261030,2
252,20261102,2
252,20261104,2
252,20261106,2
252,20261109,2
252,20261111,2
252,20261113,2
252,20261116,2
252,20261117,2
252,20261118,2
252,20261120,2
252,20261123,2
252,20261125,2
252,20261127,2
252,20261130,2
252,20261202,2
252,20261204,2
252,20261207,2
252,20261209,2
253,20261026,2
253,20261028,2
253,20261029,2
254,20261026,2
254,20261028,2
254,20261029,2
254,20261102,2
254,20261103,2
254,20261104,2
254,20261105,2
254,20261109,2
254,20261110,2
254,20261111,2
254,20261112,2
254,20261117,2
254,20261118,2
254,20261119,2
254,20261123,2
254,20261124,2
254,20261125,2
254,20261126,2
254,20261130,2
254,20261201,2
254,20261202,2
254,20261203,2
254,20261207,2
254,20261208,2
254,20261209,2
254,20261210,2
255,20261028,2
255,20261029,2
255,20261103,2
255,20261105,2
255,20261110,2
255,20261112,2
255,20261117,2
255,20261119,2
255,20261124,2
255,20261126,2
255,20261201,2
255,20261203,2
255,20261208,2
255,20261210,2
256,20261028,1
256,20261031,2
258,20261028,1
259,20261025,2
259,20261028,1
260,20261025,2
260,20261028,1
260,20261101,2
260,20261108,2
260,20261115,2
260,20261117,1
260,20261122,2
260,20261129,2
260,20261206,2
261,20261028,1
261,20261117,1
262,20261025,2
262,20261101,2
262,20261108,2
262,20261115,2
262,20261122,2
262,20261129,2
262,20261206,2
264,20261028,2
264,20261029,2
264,20261030,2
264,20261102,2
264,20261103,2
264,20261104,2
264,20261105,2
264,20261106,2
264,20261109,2
264,20261110,2
264,20261111,2
264,20261112,2
264,20261113,2
265,20261028,1
265,20261031,2
265,20261101,2
265,20261107,2
265,20261108,2
265,20261114,2
265,20261115,2
265,20261117,1
266,20261028,1
267,20261028,1
267,20261031,2
267,20261107,2
267,20261114,2
267,20261117,1
267,20261121,2
267,20261128,2
267,20261205,2
268,20261028,1
268,20261117,1
269,20261028,1
269,20261101,2
269,20261108,2
269,20261115,2
269,20261117,1
269,20261122,2
269,20261129,2
269,20261206,2
272,20261102,2
272,20261103,2
272,20261104,2
272,20261105,2
272,20261106,2
272,20261109,2
272,20261110,2
272,20261111,2
272,20261112,2
272,20261113,2
276,20261101,2
276,20261108,2
276,20261115,2
276,20261122,2
276,20261129,2
276,20261206,2
277,20261117,1
278,20261101,2
278,20261108,2
278,20261115,2
278,20261117,1
278,20261122,2
278,20261129,2
278,20261206,2
280,20261107,2
280,20261114,2
280,20261121,2
280,20261128,2
280,20261205,2
281,20261107,2
281,20261114,2
281,20261117,1
281,20261121,2
281,20261128,2
281,20261205,2
283,20261117,1
284,20261107,2
284,20261114,2
284,20261117,1
285,20261117,2
286,20261117,2
287,20261116,2
287,20261117,2
288,20261106,2
288,20261113,2
288,20261116,2
288,20261117,2
288,20261120,2
288,20261127,2
288,20261204,2
289,20261103,2
289,20261105,2
289,20261110,2
289,20261112,2
289,20261117,2
289,20261119,2
289,20261124,2
289,20261126,2
289,20261201,2
289,20261203,2
289,20261208,2
289,20261210,2
291,20261104,2
291,20261106,2
291,20261109,2
291,20261111,2
291,20261113,2
291,20261116,2
291,20261117,2
291,20261118,2
291,20261120,2
291,20261123,2
291,20261125,2
291,20261127,2
291,20261130,2
291,20261202,2
291,20261204,2
291,20261207,2
291,20261209,2
292,20261117,2
293,20261117,2
294,20261106,2
294,20261113,2
294,20261116,2
294,20261117,2
294,20261120,2
294,20261127,2
294,20261204,2
295,20261109,2
295,20261110,2
295,20261111,2
295,20261112,2
295,20261117,2
295,20261118,2
295,20261119,2
295,20261123,2
295,20261124,2
295,20261125,2
295,20261126,2
295,20261130,2
295,20261201,2
295,20261202,2
295,20261203,2
295,20261207,2
295,20261208,2
295,20261209,2
295,20261210,2
296,20261117,1
297,20261108,2
297,20261115,2
297,20261122,2
297,20261129,2
297,20261206,2
298,20261108,2
298,20261115,2
298,20261117,1
298,20261122,2
298,20261129,2
298,20261206,2
300,20261114,2
300,20261121,2
300,20261128,2
300,20261205,2
301,20261114,2
301,20261117,1
301,20261121,2
301,20261128,2
301,20261205,2
302,20261117,2
303,20261113,2
303,20261116,2
303,20261117,2
303,20261120,2
303,20261127,2
303,20261204,2
304,20261117,2
305,20261117,2
307,20261117,2
308,20261117,2
308,20261118,2
308,20261119,2
308,20261123,2
308,20261124,2
308,20261125,2
308,20261126,2
308,20261130,2
308,20261201,2
308,20261202,2
308,20261203,2
308,20261207,2
308,20261208,2
308,20261209,2
308,20261210,2
309,20261115,2
309,20261117,1
309,20261122,2
309,20261129,2
309,20261206,2
310,20261117,1
312,20261115,2
312,20261122,2
312,20261129,2
312,20261206,2
313,20261121,2
313,20261128,2
313,20261205,2
314,20261117,2
315,20261117,2
317,20261117,1
319,20261122,2
319,20261129,2
319,20261206,2
320,20261128,2
320,20261205,2
325,20261204,2
325,20261207,2
326,20261208,2
326,20261209,2
326,20261210,2
327,20261206,2
332,20261006,2
332,20261007,2
332,20261008,2
332,20261009,2
332,20261028,2
332,20261117,2
333,20261005,2
333,20261028,2
333,20261117,2
334,20261029,2
334,20261118,2
335,20261004,2
335,20261010,2
335,20261011,2
335,20261018,2
335,20261025,2
335,20261101,2
335,20261108,2
335,20261122,2
335,20261129,2
335,20261206,2
340,20261027,1
340,20261116,1
342,20261027,1
342,20261116,1
345,20261010,2
345,20261017,2
345,20261024,2
345,20261031,2
345,20261107,2
345,20261114,2
345,20261115,2
345,20261117,1
345,20261121,2
345,20261128,2
345,20261205,2
348,20261027,1
348,20261116,1
350,20261027,2
350,20261028,2
350,20261029,2
350,20261115,2
350,20261116,2
351,20261028,2
351,20261029,2
351,20261030,2
351,20261116,2
351,20261117,2
352,20261027,2
352,20261116,2
355,20261027,1
355,20261116,1
358,20261029,1
358,20261101,2
358,20261102,2
358,20261108,2
358,20261109,2
358,20261115,2
358,20261116,2
358,20261118,1
359,20261027,1
359,20261030,2
359,20261031,2
359,20261106,2
359,20261107,2
359,20261113,2
359,20261114,2
359,20261116,1
360,20261101,2
360,20261102,2
360,20261103,2
360,20261104,2
360,20261105,2
360,20261108,2
360,20261109,2
360,20261110,2
360,20261111,2
360,20261112,2
