service_id,monday,tuesday,wednesday,thursday,friday,saturday,sunday,start_date,end_date
1,1,1,1,1,1,0,0,20261002,20261211
2,1,1,1,1,1,0,0,20261002,20261211
3,1,1,1,1,1,0,0,20261002,20261002
4,1,1,1,1,1,0,0,20261002,20261204
5,1,1,1,1,1,0,0,20261002,20261009
6,1,1,1,1,1,0,0,20261002,20261211
7,1,1,1,1,1,0,0,20261002,20261120
8,1,1,1,1,1,0,0,20261002,20261113
9,1,1,1,1,1,0,0,20261002,20261113
10,1,1,1,1,1,0,0,20261002,20261020
11,1,1,1,1,1,0,0,20261002,20261016
12,1,1,1,1,1,0,0,20261002,20261021
13,1,1,1,1,1,0,0,20261002,20261104
14,1,1,1,1,1,0,0,20261002,20261211
15,1,1,1,1,1,0,0,20261002,20261211
16,1,1,1,1,1,0,0,20261002,20261029
17,1,1,1,1,1,0,0,20261002,20261030
18,1,1,1,1,1,0,0,20261002,20261211
19,1,1,1,1,1,0,0,20261002,20261016
20,1,1,1,1,1,0,0,20261002,20261211
21,1,1,1,1,1,0,0,20261002,20261211
22,1,1,1,1,1,0,0,20261002,20261016
23,1,1,1,1,1,0,0,20261002,20261211
24,1,1,1,1,1,0,0,20261002,20261211
25,1,1,1,1,1,0,0,20261002,20261130
26,1,1,1,1,1,0,0,20261002,20261027
27,1,1,1,1,1,0,0,20261002,20261211
28,1,1,1,1,1,0,0,20261002,20261106
29,1,1,1,1,1,0,0,20261002,20261211
30,1,1,1,1,1,0,0,20261002,20261006
31,1,1,1,1,1,0,0,20261002,20261211
32,1,1,1,1,1,0,0,20261002,20261211
33,1,1,1,1,1,0,0,20261002,20261009
34,1,1,1,1,1,0,0,20261002,20261109
35,1,1,1,1,1,0,0,20261002,20261109
36,1,1,1,1,1,0,0,20261002,20261014
37,1,1,1,1,1,0,0,20261002,20261106
38,1,1,1,1,1,0,0,20261002,20261106
39,1,1,1,1,1,0,0,20261002,20261130
40,1,1,1,1,1,0,0,20261002,20261130
41,1,1,1,1,1,1,1,20261002,20261211
42,1,1,1,1,1,0,0,20261002,20261125
43,1,1,1,1,1,0,0,20261002,20261016
44,1,1,1,1,1,0,0,20261002,20261211
45,1,1,1,1,1,0,0,20261002,20261012
46,1,1,1,1,1,0,0,20261002,20261211
47,1,1,1,1,1,0,0,20261002,20261211
48,1,1,1,1,1,0,0,20261002,20261021
49,1,1,1,1,1,0,0,20261002,20261125
50,1,1,1,1,1,0,0,20261002,20261211
51,1,1,1,1,1,0,0,20261002,20261204
52,1,1,1,1,1,0,0,20261002,20261211
53,1,1,1,1,1,0,0,20261002,20261030
54,1,1,1,1,1,0,0,20261002,20261005
55,1,1,1,1,1,0,0,20261002,20261030
56,1,1,1,1,1,0,0,20261002,20261211
57,0,0,0,0,0,1,1,20261003,20261212
58,0,0,0,0,0,1,1,20261003,20261004
59,0,0,0,0,0,1,1,20261003,20261003
60,0,0,0,0,0,1,1,20261003,20261212
61,0,0,0,0,0,1,1,20261003,20261212
62,0,0,0,0,0,1,1,20261003,20261115
63,0,0,0,0,0,1,1,20261003,20261212
64,0,0,0,0,0,1,1,20261003,20261212
65,0,0,0,0,0,1,1,20261003,20261018
66,0,0,0,0,0,1,1,20261003,20261017
67,0,0,0,0,0,1,1,20261003,20261018
68,0,0,0,0,0,1,1,20261003,20261101
69,0,0,0,0,0,1,1,20261003,20261031
70,0,0,0,0,0,1,1,20261003,20261031
71,0,0,0,0,0,1,1,20261003,20261212
72,0,0,0,0,0,1,1,20261003,20261212
73,0,0,0,0,0,1,1,20261003,20261024
74,0,0,0,0,0,1,1,20261003,20261028
75,0,0,0,0,0,1,1,20261003,20261025
76,0,0,0,0,0,1,1,20261003,20261117
77,0,0,0,0,0,1,1,20261003,20261114
78,0,0,0,0,0,1,1,20261003,20261010
79,0,0,0,0,0,1,1,20261003,20261017
80,0,0,0,0,0,1,1,20261003,20261212
81,0,0,0,0,0,1,1,20261003,20261212
82,0,0,0,0,0,1,1,20261003,20261117
83,0,0,0,0,0,1,1,20261003,20261117
84,0,0,0,0,0,1,1,20261003,20261101
85,0,0,0,0,0,1,1,20261003,20261107
86,0,0,0,0,0,1,1,20261003,20261018
87,0,0,0,0,0,1,1,20261003,20261011
88,0,0,0,0,0,1,1,20261003,20261031
89,0,0,0,0,0,1,1,20261003,20261212
90,0,0,0,0,0,1,1,20261003,20261031
91,0,0,0,0,0,1,1,20261003,20261108
92,0,0,0,0,0,1,1,20261003,20261108
93,0,0,0,0,0,1,1,20261003,20261107
94,0,0,0,0,0,1,1,20261003,20261212
95,0,0,0,0,0,1,1,20261003,20261128
96,0,0,0,0,0,1,1,20261003,20261129
97,0,0,0,0,0,1,1,20261003,20261122
98,0,0,0,0,0,1,1,20261003,20261122
99,0,0,0,0,0,1,1,20261003,20261017
100,0,0,0,0,0,1,1,20261003,20261212
101,0,0,0,0,0,1,1,20261003,20261024
102,0,0,0,0,0,1,1,20261003,20261212
103,0,0,0,0,0,1,1,20261003,20261025
104,0,0,0,0,0,1,1,20261003,20261206
105,0,0,0,0,0,1,1,20261003,20261205
106,0,0,0,0,0,1,1,20261004,20261004
107,0,0,0,0,0,1,1,20261004,20261206
108,0,0,0,0,0,1,1,20261004,20261206
109,0,0,0,0,0,1,1,20261004,20261206
110,0,0,0,0,0,1,1,20261004,20261101
111,0,0,0,0,0,1,1,20261004,20261025
112,0,0,0,0,0,1,1,20261004,20261028
113,0,0,0,0,0,1,1,20261004,20261115
114,0,0,0,0,0,1,1,20261004,20261117
115,0,0,0,0,0,1,1,20261004,20261212
116,0,0,0,0,0,1,1,20261004,20261025
117,0,0,0,0,0,1,1,20261004,20261212
118,0,0,0,0,0,1,1,20261004,20261011
119,0,0,0,0,0,1,1,20261004,20261206
120,0,0,0,0,0,1,1,20261004,20261206
121,0,0,0,0,0,1,1,20261004,20261117
122,0,0,0,0,0,1,1,20261004,20261011
123,0,0,0,0,0,1,1,20261004,20261108
124,0,0,0,0,0,1,1,20261004,20261101
125,0,0,0,0,0,1,1,20261004,20261206
126,0,0,0,0,0,1,1,20261004,20261129
127,0,0,0,0,0,1,1,20261004,20261018
128,0,0,0,0,0,1,1,20261004,20261025
129,0,0,0,0,0,1,1,20261004,20261101
130,1,1,1,1,1,0,0,20261005,20261210
131,1,1,1,1,1,0,0,20261005,20261211
132,1,1,1,1,1,0,0,20261005,20261009
133,1,1,1,1,1,0,0,20261005,20261021
134,1,1,1,1,1,0,0,20261005,20261020
135,1,1,1,1,1,0,0,20261005,20261207
136,1,1,1,1,1,0,0,20261005,20261210
137,1,1,1,1,1,0,0,20261005,20261210
138,1,1,1,1,1,0,0,20261005,20261014
139,1,1,1,1,1,0,0,20261005,20261210
140,1,1,1,1,1,0,0,20261005,20261006
141,1,1,1,1,1,0,0,20261005,20261211
142,1,1,1,1,1,0,0,20261005,20261130
143,1,1,1,1,1,0,0,20261005,20261211
144,1,1,1,1,1,0,0,20261005,20261210
145,1,1,1,1,1,0,0,20261005,20261014
146,1,1,1,1,1,0,0,20261005,20261008
147,1,1,1,1,1,0,0,20261005,20261105
148,1,1,1,1,1,0,0,20261005,20261211
149,1,1,1,1,1,0,0,20261005,20261210
150,1,1,1,1,1,0,0,20261005,20261210
151,1,1,1,1,1,0,0,20261005,20261210
152,1,1,1,1,1,0,0,20261005,20261016
153,1,1,1,1,1,0,0,20261005,20261029
154,1,1,1,1,1,0,0,20261006,20261009
155,1,1,1,1,1,0,0,20261006,20261008
156,1,1,1,1,1,0,0,20261006,20261013
157,1,1,1,1,1,0,0,20261006,20261210
158,1,1,1,1,1,0,0,20261006,20261126
159,1,1,1,1,1,0,0,20261006,20261020
160,1,1,1,1,1,0,0,20261006,20261027
161,1,1,1,1,1,0,0,20261006,20261211
162,1,1,1,1,1,0,0,20261006,20261211
163,1,1,1,1,1,0,0,20261006,20261027
164,1,1,1,1,1,0,0,20261006,20261210
165,1,1,1,1,1,0,0,20261006,20261103
166,1,1,1,1,1,0,0,20261007,20261014
167,1,1,1,1,1,0,0,20261007,20261027
168,1,1,1,1,1,0,0,20261007,20261211
169,1,1,1,1,1,0,0,20261007,20261030
170,1,1,1,1,1,0,0,20261007,20261125
171,1,1,1,1,1,0,0,20261007,20261021
172,1,1,1,1,1,0,0,20261007,20261211
173,1,1,1,1,1,0,0,20261007,20261211
174,1,1,1,1,1,0,0,20261007,20261211
175,1,1,1,1,1,0,0,20261009,20261009
176,0,0,0,0,0,1,1,20261010,20261212
177,0,0,0,0,0,1,1,20261010,20261212
178,0,0,0,0,0,1,1,20261010,20261017
179,0,0,0,0,0,1,1,20261010,20261025
180,0,0,0,0,0,1,1,20261010,20261010
181,0,0,0,0,0,1,1,20261010,20261024
182,0,0,0,0,0,1,1,20261010,20261212
183,0,0,0,0,0,1,1,20261010,20261212
184,0,0,0,0,0,1,1,20261010,20261212
185,0,0,0,0,0,1,1,20261010,20261206
186,0,0,0,0,0,1,1,20261010,20261011
187,0,0,0,0,0,1,1,20261010,20261025
188,0,0,0,0,0,1,1,20261010,20261024
189,0,0,0,0,0,1,1,20261010,20261212
190,0,0,0,0,0,1,1,20261010,20261017
191,0,0,0,0,0,1,1,20261011,20261206
192,0,0,0,0,0,1,1,20261011,20261011
193,0,0,0,0,0,1,1,20261011,20261025
194,0,0,0,0,0,1,1,20261011,20261025
195,0,0,0,0,0,1,1,20261011,20261206
196,0,0,0,0,0,1,1,20261011,20261206
197,0,0,0,0,0,1,1,20261011,20261025
198,1,1,1,1,1,0,0,20261012,20261016
199,1,1,1,1,1,0,0,20261012,20261211
200,1,1,1,1,1,0,0,20261012,20261013
201,1,1,1,1,1,0,0,20261012,20261211
202,1,1,1,1,1,0,0,20261012,20261029
203,1,1,1,1,1,0,0,20261012,20261030
204,1,1,1,1,1,0,0,20261012,20261210
205,1,1,1,1,1,0,0,20261012,20261106
206,1,1,1,1,1,0,0,20261012,20261015
207,1,1,1,1,1,0,0,20261012,20261021
208,1,1,1,1,1,0,0,20261012,20261027
209,1,1,1,1,1,0,0,20261012,20261210
210,1,1,1,1,1,0,0,20261013,20261211
211,1,1,1,1,1,0,0,20261013,20261211
212,1,1,1,1,1,0,0,20261014,20261020
213,1,1,1,1,1,0,0,20261015,20261211
214,1,1,1,1,1,0,0,20261015,20261109
215,1,1,1,1,1,0,0,20261015,20261125
216,1,1,1,1,1,0,0,20261015,20261125
217,1,1,1,1,1,0,0,20261016,20261211
218,1,1,1,1,1,0,0,20261016,20261016
219,1,1,1,1,1,0,0,20261016,20261211
220,0,0,0,0,0,1,1,20261017,20261018
221,0,0,0,0,0,1,1,20261017,20261017
222,0,0,0,0,0,1,1,20261017,20261024
223,0,0,0,0,0,1,1,20261017,20261212
224,0,0,0,0,0,1,1,20261017,20261212
225,0,0,0,0,0,1,1,20261017,20261212
226,0,0,0,0,0,1,1,20261017,20261028
227,0,0,0,0,0,1,1,20261017,20261212
228,0,0,0,0,0,1,1,20261017,20261212
229,0,0,0,0,0,1,1,20261017,20261101
230,0,0,0,0,0,1,1,20261018,20261018
231,0,0,0,0,0,1,1,20261018,20261212
232,0,0,0,0,0,1,1,20261018,20261206
233,0,0,0,0,0,1,1,20261018,20261206
234,0,0,0,0,0,1,1,20261018,20261206
235,0,0,0,0,0,1,1,20261018,20261025
236,1,1,1,1,1,0,0,20261019,20261021
237,1,1,1,1,1,0,0,20261019,20261211
238,1,1,1,1,1,0,0,20261019,20261209
239,1,1,1,1,1,0,0,20261019,20261211
240,1,1,1,1,1,0,0,20261019,20261103
241,1,1,1,1,1,0,0,20261019,20261027
242,1,1,1,1,1,0,0,20261021,20261104
243,1,1,1,1,1,0,0,20261021,20261021
244,1,1,1,1,1,0,0,20261022,20261104
245,1,1,1,1,1,0,0,20261022,20261104
246,1,1,1,1,1,0,0,20261022,20261211
247,1,1,1,1,1,0,0,20261022,20261211
248,1,1,1,1,1,0,0,20261022,20261106
249,1,1,1,1,1,0,0,20261022,20261125
250,1,1,1,1,1,0,0,20261022,20261030
251,1,1,1,1,1,0,0,20261022,20261211
252,1,1,1,1,1,0,0,20261022,20261210
253,1,1,1,1,1,0,0,20261023,20261030
254,1,1,1,1,1,0,0,20261023,20261211
255,1,1,1,1,1,0,0,20261023,20261211
256,0,0,0,0,0,1,1,20261024,20261101
257,0,0,0,0,0,1,1,20261024,20261024
258,0,0,0,0,0,1,1,20261024,20261028
259,0,0,0,0,0,1,1,20261024,20261028
260,0,0,0,0,0,1,1,20261024,20261212
261,0,0,0,0,0,1,1,20261024,20261212
262,0,0,0,0,0,1,1,20261024,20261212
263,0,0,0,0,0,1,1,20261025,20261025
264,1,1,1,1,1,0,0,20261027,20261116
265,0,0,0,0,0,1,1,20261028,20261117
266,0,0,0,0,0,1,1,20261028,20261028
267,0,0,0,0,0,1,1,20261028,20261206
268,0,0,0,0,0,1,1,20261028,20261212
269,0,0,0,0,0,1,1,20261028,20261212
270,1,1,1,1,1,0,0,20261029,20261030
271,1,1,1,1,1,0,0,20261029,20261029
272,1,1,1,1,1,0,0,20261029,20261116
273,1,1,1,1,1,0,0,20261030,20261030
274,0,0,0,0,0,1,1,20261031,20261031
275,0,0,0,0,0,1,1,20261031,20261101
276,0,0,0,0,0,1,1,20261031,20261212
277,0,0,0,0,0,1,1,20261031,20261212
278,0,0,0,0,0,1,1,20261031,20261212
279,0,0,0,0,0,1,1,20261101,20261101
280,0,0,0,0,0,1,1,20261101,20261206
281,0,0,0,0,0,1,1,20261101,20261206
282,0,0,0,0,0,1,1,20261101,20261212
283,0,0,0,0,0,1,1,20261101,20261212
284,0,0,0,0,0,1,1,20261101,20261117
285,1,1,1,1,1,0,0,20261102,20261211
286,1,1,1,1,1,0,0,20261102,20261130
287,1,1,1,1,1,0,0,20261102,20261211
288,1,1,1,1,1,0,0,20261102,20261210
289,1,1,1,1,1,0,0,20261102,20261211
290,1,1,1,1,1,0,0,20261102,20261103
291,1,1,1,1,1,0,0,20261103,20261210
292,1,1,1,1,1,0,0,20261104,20261211
293,1,1,1,1,1,0,0,20261105,20261211
294,1,1,1,1,1,0,0,20261105,20261210
295,1,1,1,1,1,0,0,20261106,20261211
296,0,0,0,0,0,1,1,20261107,20261212
297,0,0,0,0,0,1,1,20261107,20261212
298,0,0,0,0,0,1,1,20261107,20261212
299,0,0,0,0,0,1,1,20261107,20261212
300,0,0,0,0,0,1,1,20261108,20261206
301,0,0,0,0,0,1,1,20261108,20261206
302,1,1,1,1,1,0,0,20261109,20261204
303,1,1,1,1,1,0,0,20261109,20261210
304,1,1,1,1,1,0,0,20261109,20261211
305,1,1,1,1,1,0,0,20261109,20261125
306,1,1,1,1,1,0,0,20261109,20261109
307,1,1,1,1,1,0,0,20261110,20261211
308,1,1,1,1,1,0,0,20261113,20261211
309,0,0,0,0,0,1,1,20261114,20261212
310,0,0,0,0,0,1,1,20261114,20261212
311,0,0,0,0,0,1,1,20261114,20261212
312,0,0,0,0,0,1,1,20261114,20261212
313,0,0,0,0,0,1,1,20261115,20261206
314,1,1,1,1,1,0,0,20261116,20261211
315,1,1,1,1,1,0,0,20261116,20261204
316,1,1,1,1,1,0,0,20261116,20261116
317,0,0,0,0,0,1,1,20261117,20261117
318,0,0,0,0,0,1,1,20261121,20261212
319,0,0,0,0,0,1,1,20261121,20261212
320,0,0,0,0,0,1,1,20261122,20261206
321,1,1,1,1,1,0,0,20261123,20261211
322,1,1,1,1,1,0,0,20261126,20261211
323,0,0,0,0,0,1,1,20261128,20261212
324,1,1,1,1,1,0,0,20261201,20261211
325,1,1,1,1,1,0,0,20261201,20261210
326,1,1,1,1,1,0,0,20261204,20261211
327,0,0,0,0,0,1,1,20261205,20261212
328,0,0,0,0,0,1,1,20261205,20261212
329,0,0,0,0,0,1,1,20261206,20261206
330,1,1,1,1,1,0,0,20261207,20261211
331,0,0,0,0,0,1,1,20261212,20261212
332,1,1,1,1,1,0,0,20261002,20261211
333,1,1,1,1,1,0,0,20261002,20261211
334,0,1,1,1,1,1,0,20261003,20261212
335,0,0,0,0,0,1,1,20261003,20261212
336,1,0,0,0,0,0,1,20261004,20261213
337,1,0,0,0,0,0,1,20261004,20261004
338,1,0,0,0,0,0,1,20261004,20261019
339,0,0,0,0,1,1,0,20261002,20261211
340,0,0,0,0,1,1,0,20261002,20261211
341,0,0,0,0,1,1,0,20261002,20261002
342,0,0,0,0,1,1,0,20261002,20261212
343,0,0,0,0,0,1,1,20261004,20261212
344,1,0,0,0,0,0,1,20261005,20261005
345,0,0,0,0,0,1,1,20261004,20261206
346,0,0,0,0,1,1,0,20261003,20261003
347,0,0,0,0,1,1,0,20261003,20261211
348,0,0,0,0,1,1,0,20261003,20261211
349,1,1,1,1,1,0,0,20261005,20261005
350,1,1,1,1,0,0,1,20261004,20261210
351,1,1,1,1,1,0,0,20261005,20261211
352,1,1,1,1,0,0,1,20261004,20261210
353,1,0,0,0,0,0,1,20261011,20261213
354,0,0,0,0,1,1,0,20261009,20261211
355,0,0,0,0,1,1,0,20261009,20261211
356,0,0,0,0,0,1,1,20261024,20261212
357,1,0,0,0,0,0,1,20261025,20261213
358,1,0,0,0,0,0,1,20261029,20261118
359,0,0,0,0,1,1,0,20261027,20261116
360,1,1,1,1,0,0,1,20261028,20261115
361,1,1,1,1,1,1,1,20261029,20261031
362,0,0,0,0,1,1,0,20261212,20261212
